lastAccountName: Kp_soggybiscuit
timestamps:
  login: 1731610098187
  logout: 1731610123577
  lastteleport: 1731609897016
ipAddress: 0:0:0:0:0:0:0:1
lastlocation:
  world: world
  x: 213.69999998807907
  y: 60.32575476178225
  z: 257.0547010025683
  yaw: -40.350002
  pitch: 9.150001
logoutlocation:
  world: world
  x: 18.294691971167275
  y: 63.0
  z: -242.15914852145067
  yaw: 50.70038
  pitch: 9.599993
