lastAccountName: nbaboundriley
timestamps:
  login: 1731688720713
  kits:
    tools: 1731608434903
  logout: 1731691746236
ipAddress: 0:0:0:0:0:0:0:1
logoutlocation:
  world: world
  x: 264.41832373227095
  y: 128.0
  z: 384.91040983003404
  yaw: -65.274536
  pitch: 78.299995
