lastAccountName: Nig76783
timestamps:
  login: 1731677016997
  logout: 1731677044480
ipAddress: 0:0:0:0:0:0:0:1
logoutlocation:
  world: world
  x: 241.10699570975058
  y: 94.0
  z: 328.3562047409402
  yaw: -145.94998
  pitch: 37.049995
