lastAccountName: Jackthefarmer
timestamps:
  login: 1731688337769
  logout: 1731688368162
ipAddress: 0:0:0:0:0:0:0:1
logoutlocation:
  world: world
  x: 212.99559817103727
  y: 64.39204683502146
  z: 256.7465169085969
  yaw: -10.349999
  pitch: 90.0
