lastAccountName: Goons_Alots
timestamps:
  login: 1731610163686
  logout: 1731610177422
ipAddress: 0:0:0:0:0:0:0:1
logoutlocation:
  world: world
  x: 206.99094980140626
  y: 63.0
  z: 261.91492547177995
  yaw: -151.35
  pitch: 22.050001
