lastAccountName: Hello21
timestamps:
  login: 1731678906542
  logout: 1731679081265
ipAddress: 0:0:0:0:0:0:0:1
logoutlocation:
  world: world
  x: 212.5
  y: 60.0
  z: 256.5
  yaw: -18.600002
  pitch: -32.999996
