lastAccountName: Bigtesty
timestamps:
  login: 1731610413582
  logout: 1731610457414
ipAddress: 0:0:0:0:0:0:0:1
logoutlocation:
  world: world
  x: -367.0907060949119
  y: 75.0
  z: 585.909133231368
  yaw: 168.2147
  pitch: 29.40001
