lastAccountName: Jack
timestamps:
  login: 1731690457879
  logout: 1731691207398
ipAddress: 0:0:0:0:0:0:0:1
logoutlocation:
  world: world
  x: 269.5588990869887
  y: 134.0
  z: 382.4399201018051
  yaw: -275.42456
  pitch: 26.999996
