lastAccountName: CarterS
timestamps:
  login: 1731687896828
  logout: 1731687901886
  kits:
    tools: 1731611733827
ipAddress: 0:0:0:0:0:0:0:1
logoutlocation:
  world: world
  x: -233.69999998807907
  y: 56.0
  z: 191.37584739308548
  yaw: 88.95038
  pitch: 53.700012
lastlocation:
  world: world
  x: -1239.7952209106718
  y: 71.0
  z: 1223.3858605655169
  yaw: 277.9884
  pitch: 34.560013
