lastAccountName: Charv12
timestamps:
  login: 1731688635299
  logout: 1731688252364
  lastteleport: 1731686763255
ipAddress: 0:0:0:0:0:0:0:1
logoutlocation:
  world: world
  x: 511.09839726334894
  y: 78.0
  z: -105.64998487983883
  yaw: -122.10012
  pitch: 18.299994
lastlocation:
  world: world
  x: -1241.4780291016946
  y: 71.0
  z: 1239.4208494007298
  yaw: -158.66165
  pitch: 11.010011
