lastAccountName: '1234578'
timestamps:
  login: 1731688535585
  logout: 1731691780737
ipAddress: 0:0:0:0:0:0:0:1
logoutlocation:
  world: world
  x: 261.0056573048503
  y: 141.0
  z: 378.6414731413261
  yaw: 323.9756
  pitch: 24.300009
