lastAccountName: YeegYeeg741
timestamps:
  login: 1731691699264
  logout: 1731691707248
ipAddress: 0:0:0:0:0:0:0:1
logoutlocation:
  world: world
  x: 203.5
  y: 66.0
  z: 250.5
  yaw: -97.95001
  pitch: -77.40001
