lastAccountName: kysonHATER27
timestamps:
  login: 1731699854038
  logout: 1731699927899
ipAddress: 0:0:0:0:0:0:0:1
logoutlocation:
  world: world
  x: 142.82066326684858
  y: 66.0
  z: 143.49052651911558
  yaw: -244.95006
  pitch: 9.450002
