lastAccountName: mr_sigma
timestamps:
  login: 1731602458553
  logout: 1731601762153
  kits:
    tools: 1731602568332
ipAddress: 0:0:0:0:0:0:0:1
logoutlocation:
  world: world
  x: -59.42578909023906
  y: 27.0
  z: -45.57771354866583
  yaw: -3.3000488
  pitch: 43.950012
