lastAccountName: jcron
timestamps:
  login: 1731689258443
  logout: 1731689838536
ipAddress: 0:0:0:0:0:0:0:1
logoutlocation:
  world: world
  x: -195.2625892459597
  y: 67.16610926093821
  z: 247.1171105679977
  yaw: 267.89954
  pitch: -12.300009
