lastAccountName: Xyzen
timestamps:
  login: 1731688281573
  logout: 1731688334262
ipAddress: 0:0:0:0:0:0:0:1
logoutlocation:
  world: world
  x: 148.16863548378296
  y: 66.0
  z: 260.6505581505379
  yaw: -187.05002
  pitch: -15.300001
