lastAccountName: Donald_Gyatt
timestamps:
  login: 1731610393562
  logout: 1731610433654
ipAddress: 0:0:0:0:0:0:0:1
lastlocation:
  world: world
  x: 212.5
  y: 60.02188007044747
  z: 256.5
  yaw: -25.650002
  pitch: 53.550003
logoutlocation:
  world: world
  x: 212.5
  y: 60.0
  z: 256.5
  yaw: -25.650002
  pitch: 53.550003
