lastAccountName: YeelerViggJiggy
timestamps:
  login: 1731691489086
  kits:
    tools: 1731599448907
  logout: 1731691749834
ipAddress: 0:0:0:0:0:0:0:1
logoutlocation:
  world: world
  x: -299.36101144110296
  y: 62.0
  z: 111.25832902149548
  yaw: -359.69833
  pitch: 24.899994
