lastAccountName: NLE_CHING
timestamps:
  login: 1731684222517
  logout: 1731684253118
ipAddress: 0:0:0:0:0:0:0:1
logoutlocation:
  world: world
  x: 211.9578574506973
  y: 64.0
  z: 252.63568863445664
  yaw: 6.7499986
  pitch: 38.399994
