world: world
x: -1236.5
y: 71.0
z: 1235.5
yaw: -148.14728
pitch: 35.318394
name: base
