world: world
x: -1239.544040285108
y: 71.0
z: 1238.5619652058285
yaw: -148.10886
pitch: 78.34562
name: home
