world: world
x: -1075.0808543975634
y: 95.0
z: 740.7814637363736
yaw: -242.05305
pitch: 18.928791
name: island
