world: world
x: -1217.2317038153747
y: 12.0
z: 967.9349605311679
yaw: 211.92958
pitch: 19.36321
name: mine
